1,VE_15,VE_16,VEVE,0.0000,0.0000,-0.3178,2.4094,-0.0548,-0.5942,0.0000,0.0000
2,VE_15,VE_17,VEVE,0.0000,0.2492,-0.1887,2.4300,-0.1250,0.3194,0.0000,0.2492
3,VE_15,VE_18,VEVE,0.0000,0.0000,0.1555,-8.6699,0.0626,-0.8619,0.0000,0.0000
4,VE_15,VE_19,VEVE,0.0000,0.0000,-0.6947,1.1987,-0.1402,-0.3226,0.0000,0.0000
5,VE_15,VE_20,VEVE,0.0000,0.0000,-0.5525,1.6840,-0.0517,-0.8118,0.0000,0.0000
6,VE_15,VE_21,VEVE,0.0592,0.0000,0.1124,-1.6173,0.3271,-0.5415,0.2486,0.0000
7,VE_15,VE_22,VEVE,0.0000,0.0000,-0.3965,1.4317,-0.0977,-0.0232,0.0000,0.0000
8,VE_15,VE_23,VEVE,0.0000,0.0000,0.1375,-9.0388,0.1588,0.0206,0.1773,0.0000
9,VE_15,VE_24,VEVE,0.0000,0.0000,-0.5460,1.3275,-0.2544,0.4938,0.0000,0.0000
10,VE_15,VE_25,VEVE,0.0000,0.0000,-0.1185,-9.3216,0.0118,0.1718,0.0004,0.1371
11,VE_15,VE_26,VEVE,0.0000,0.0000,-0.3956,1.4197,-0.1026,-0.0070,0.0000,0.0000
12,VE_15,VE_27,VEVE,0.0000,0.5176,-0.5515,1.3119,-0.3826,1.1873,0.0000,0.6203
13,VE_15,VE_28,VEVE,0.0000,0.1357,-0.6670,1.2324,-0.4016,0.9694,0.0000,0.2834
14,VE_15,VE_29,VEVE,0.0000,0.0000,-0.4691,1.3225,-0.2361,0.4483,0.0000,0.0000
15,VE_15,VE_30,VEVE,0.0000,0.0000,-0.6893,1.2143,-0.4776,0.9311,0.0000,0.0000
16,VE_15,VE_31,VEVE,0.0013,0.0000,-0.2812,2.3566,0.0638,-0.2551,0.0013,0.0000
17,VE_15,VE_32,VEVE,0.0000,0.0000,0.4710,-1.2374,0.4795,-0.0931,0.4869,0.0000
18,VE_16,VE_17,VEVE,0.0000,0.5571,0.1594,-0.6103,0.1532,0.0829,0.0000,0.5571
19,VE_16,VE_18,VEVE,0.0000,0.0000,0.2548,-8.6568,0.0898,-0.6858,0.0000,0.0000
20,VE_16,VE_19,VEVE,0.0000,0.0000,-0.0678,-9.2818,0.1253,-0.2556,0.1102,0.0000
21,VE_16,VE_20,VEVE,0.0000,1.0000,-0.2995,1.5257,-0.3584,1.8045,0.0000,1.0000
22,VE_16,VE_21,VEVE,0.0000,0.0000,-0.5782,1.4009,-0.2039,0.2216,0.0000,0.0000
23,VE_16,VE_22,VEVE,0.0000,0.0000,0.0047,-9.3074,0.0986,-0.9209,0.0000,0.0000
24,VE_16,VE_23,VEVE,0.0000,0.0000,0.0656,-8.8465,0.1635,-1.1262,0.0000,0.0000
25,VE_16,VE_24,VEVE,0.0000,0.8350,0.0803,-1.5438,0.1467,0.2372,0.0000,0.8350
26,VE_16,VE_25,VEVE,0.0000,0.0000,-0.3198,-9.4956,-0.1763,-0.0899,0.0000,0.0000
27,VE_16,VE_26,VEVE,0.0000,0.0000,-0.2817,1.8815,-0.0420,-0.3182,0.0000,0.0000
28,VE_16,VE_27,VEVE,0.0000,0.2160,-0.4567,1.4180,-0.1191,0.7613,0.0000,0.3919
29,VE_16,VE_28,VEVE,0.0000,0.0000,-0.2658,-9.5067,-0.0894,-0.3909,0.0000,0.0000
30,VE_16,VE_29,VEVE,0.0000,0.5416,-0.1671,-1.7300,0.0054,0.3800,0.0000,0.5416
31,VE_16,VE_30,VEVE,0.0359,0.0000,0.0478,-9.2023,0.0441,-0.0826,0.0359,0.0000
32,VE_16,VE_31,VEVE,0.0000,0.8103,-0.0776,2.6166,-0.0307,0.4340,0.0000,0.8103
33,VE_16,VE_32,VEVE,0.0000,0.0000,-0.5166,1.3246,-0.1086,-0.3359,0.0000,0.0000
34,VE_17,VE_18,VEVE,0.0000,0.0000,0.1600,-8.6493,0.0309,-0.3988,0.0000,0.0000
35,VE_17,VE_19,VEVE,0.0290,0.0000,0.1479,-9.1942,0.1343,-0.4030,0.0290,0.0000
36,VE_17,VE_20,VEVE,0.0000,0.0000,-0.2688,2.7295,-0.1435,-0.6842,0.0000,0.0000
37,VE_17,VE_21,VEVE,0.0000,0.0000,-0.1038,2.3906,0.0434,-0.4455,0.0000,0.0000
38,VE_17,VE_22,VEVE,0.0000,0.0000,-0.2110,-9.3950,-0.2205,-0.0545,0.0000,0.0000
39,VE_17,VE_23,VEVE,0.0000,0.0000,-0.3420,-9.5137,-0.3563,0.4038,0.0000,0.0000
40,VE_17,VE_24,VEVE,0.0000,1.0000,0.1858,-1.5201,0.1609,0.5630,0.0000,1.0000
41,VE_17,VE_25,VEVE,0.0000,0.0595,0.2295,-9.1715,0.0051,0.3157,0.0951,0.2038
42,VE_17,VE_26,VEVE,0.0000,0.2330,-0.6004,1.3828,-0.7215,1.5282,0.0000,0.2426
43,VE_17,VE_27,VEVE,0.0000,0.0000,-0.0466,2.5547,-0.1541,-0.2036,0.0000,0.0000
44,VE_17,VE_28,VEVE,0.0000,0.0000,0.0595,-9.1957,0.0252,-0.1118,0.0000,0.0000
45,VE_17,VE_29,VEVE,0.3548,0.0000,0.5104,-1.1650,0.4800,0.1465,0.2013,0.7987
46,VE_17,VE_30,VEVE,0.0000,0.0000,0.1279,-8.4168,0.0948,-0.7153,0.0000,0.0000
47,VE_17,VE_31,VEVE,0.0000,0.0000,0.0024,3.4021,0.0005,-0.2243,0.0000,0.0000
48,VE_17,VE_32,VEVE,0.0000,0.0000,-0.5085,1.2501,-0.3249,0.5393,0.0000,0.0000
49,VE_18,VE_19,VEVE,0.0000,0.0000,-0.2442,6.4697,-0.0304,-0.2201,0.0000,0.0000
50,VE_18,VE_20,VEVE,0.0000,0.0000,0.0935,3.5215,-0.0209,-0.1801,0.0000,0.0000
51,VE_18,VE_21,VEVE,0.0000,0.0000,-0.1150,-8.8692,-0.0405,-0.4525,0.0000,0.0000
52,VE_18,VE_22,VEVE,0.0766,0.0887,0.4860,3.4047,0.0481,0.2783,0.3080,0.1031
53,VE_18,VE_23,VEVE,0.0822,0.0000,0.9052,4.3647,0.1528,-0.4300,0.1463,0.0000
54,VE_18,VE_24,VEVE,0.0968,0.0000,0.4902,-7.6248,0.1359,-0.3342,0.1139,0.0000
55,VE_18,VE_25,VEVE,0.0558,0.0000,0.3372,3.5299,0.1476,-0.3637,0.0649,0.0000
56,VE_18,VE_26,VEVE,0.0000,0.3478,0.2315,3.2587,-0.4729,1.9902,0.0000,0.5141
57,VE_18,VE_27,VEVE,0.0000,0.0000,0.0541,6.8359,-0.0228,-0.4014,0.0000,0.0000
58,VE_18,VE_28,VEVE,0.1201,0.0000,0.5396,-7.5287,0.0753,-0.1899,0.1373,0.0000
59,VE_18,VE_29,VEVE,0.0000,0.0000,0.2772,-7.5871,0.0689,-0.5174,0.0000,0.0000
60,VE_18,VE_30,VEVE,0.0989,0.0000,0.4902,-7.6248,0.0624,-0.1545,0.1139,0.0000
61,VE_18,VE_31,VEVE,0.0000,0.0000,-0.2421,1.9670,-0.2233,0.4027,0.0000,0.0000
62,VE_18,VE_32,VEVE,0.0000,0.0000,0.4321,-4.0425,0.0740,-0.8104,0.0000,0.0000
63,VE_19,VE_20,VEVE,0.0164,0.0000,0.2760,7.6371,0.0919,-0.5096,0.0164,0.0000
64,VE_19,VE_21,VEVE,0.0000,0.0000,0.1569,7.1579,0.1371,-0.6679,0.0000,0.0000
65,VE_19,VE_22,VEVE,0.0000,0.0000,0.0056,2.8567,0.1681,-0.8310,0.0000,0.0000
66,VE_19,VE_23,VEVE,0.0000,0.0000,-0.7872,1.1253,-0.1408,0.1868,0.0000,0.0000
67,VE_19,VE_24,VEVE,0.0000,0.0000,0.2709,-4.5245,0.2446,-0.8136,0.0000,0.0000
68,VE_19,VE_25,VEVE,0.0000,0.2749,-0.1762,1.5399,-0.0793,0.3402,0.0000,0.4264
69,VE_19,VE_26,VEVE,0.0000,0.0000,-0.5173,5.8130,-0.1350,0.0390,0.0000,0.0000
70,VE_19,VE_27,VEVE,0.0000,0.0000,-0.1355,2.3861,0.0235,-0.3058,0.0000,0.0000
71,VE_19,VE_28,VEVE,0.0000,0.0000,-0.2237,6.0184,-0.1071,0.0912,0.0000,0.0000
72,VE_19,VE_29,VEVE,0.0000,0.0000,0.4178,-4.5065,0.3290,-0.8301,0.1360,0.0000
73,VE_19,VE_30,VEVE,0.0000,0.0000,0.0644,7.0846,-0.0209,-0.0785,0.0000,0.0000
74,VE_19,VE_31,VEVE,0.0000,0.0000,-0.3331,2.3620,0.0048,-0.4948,0.0000,0.0000
75,VE_19,VE_32,VEVE,0.0000,0.0000,-0.5900,1.2274,-0.0454,-0.2395,0.0000,0.0000
76,VE_20,VE_21,VEVE,0.0000,0.1900,0.0317,2.1877,0.1687,-0.2224,0.1834,0.0000
77,VE_20,VE_22,VEVE,0.0000,0.1001,-0.3912,2.3122,-0.3425,0.8480,0.0000,0.2893
78,VE_20,VE_23,VEVE,0.0000,0.0000,-0.1063,6.9120,-0.0036,-0.7451,0.0000,0.0000
79,VE_20,VE_24,VEVE,0.0000,0.0000,0.2589,4.0232,0.1656,-0.6176,0.0000,0.0000
80,VE_20,VE_25,VEVE,0.0000,0.0000,-0.2106,6.8646,-0.1442,-0.1500,0.0000,0.0000
81,VE_20,VE_26,VEVE,0.0000,0.0000,0.5904,0.4208,0.2380,-0.5277,0.1997,0.0000
82,VE_20,VE_27,VEVE,0.0000,0.3318,0.2531,3.0499,-0.1405,1.0205,0.0000,0.5534
83,VE_20,VE_28,VEVE,0.0000,0.0000,0.1780,-7.4608,-0.0575,-0.2013,0.0000,0.0000
84,VE_20,VE_29,VEVE,0.0000,0.0000,0.2208,3.8945,0.2061,-0.4046,0.1395,0.0000
85,VE_20,VE_30,VEVE,0.0000,0.0000,0.7518,-7.3595,0.2564,-0.3548,0.3208,0.0000
86,VE_20,VE_31,VEVE,0.0000,0.0000,0.7287,-0.6726,0.4746,-0.2794,0.4956,0.0000
87,VE_20,VE_32,VEVE,0.0000,0.0000,-0.5989,5.7904,-0.1367,-0.3412,0.0000,0.0000
88,VE_21,VE_22,VEVE,0.0000,0.0000,-0.8102,1.1192,-0.4765,0.4444,0.0000,0.0000
89,VE_21,VE_23,VEVE,0.0000,0.0232,-0.4466,-9.5425,-0.4434,0.9313,0.0000,0.0351
90,VE_21,VE_24,VEVE,0.0000,0.0000,-0.2738,2.3665,-0.0836,-0.0464,0.0000,0.0000
91,VE_21,VE_25,VEVE,0.0000,0.0000,0.3923,-3.7448,0.2895,-1.5453,0.0000,0.0000
92,VE_21,VE_26,VEVE,0.0000,0.0000,-0.6662,1.2204,-0.3264,0.6026,0.0000,0.0000
93,VE_21,VE_27,VEVE,0.0000,0.0000,-0.1312,6.0918,-0.1120,0.1732,0.0000,0.0000
94,VE_21,VE_28,VEVE,0.0000,0.0000,-0.5652,2.0802,-0.3591,0.3098,0.0000,0.0000
95,VE_21,VE_29,VEVE,0.0000,0.0000,-0.0808,2.3968,0.0532,-0.2123,0.0000,0.0000
96,VE_21,VE_30,VEVE,0.0000,1.0000,-0.1051,1.7180,-0.1228,1.1272,0.0000,1.0000
97,VE_21,VE_31,VEVE,0.0000,0.0000,-0.0005,1.7467,0.3724,0.0199,0.4370,0.0000
98,VE_21,VE_32,VEVE,0.0000,0.1177,-0.1132,-1.7411,-0.2023,0.8101,0.0000,0.3924
99,VE_22,VE_23,VEVE,0.0000,0.0000,0.1775,6.6946,0.1033,-0.6285,0.0000,0.0000
100,VE_22,VE_24,VEVE,0.0000,0.0000,0.2624,-8.2573,0.2087,-0.1417,0.2124,0.0000
101,VE_22,VE_25,VEVE,0.0000,0.0087,-0.2917,5.9368,-0.1431,0.3740,0.0000,0.0936
102,VE_22,VE_26,VEVE,0.0000,0.0000,0.1105,3.1636,0.1644,-0.9593,0.0000,0.0000
103,VE_22,VE_27,VEVE,0.0000,0.0000,-0.0527,6.2985,0.1146,-0.9516,0.0000,0.0000
104,VE_22,VE_28,VEVE,0.0000,0.9423,0.2295,2.7631,0.0028,1.6599,0.4162,0.5838
105,VE_22,VE_29,VEVE,0.0000,0.0000,-0.0938,-8.3328,-0.1241,-0.3514,0.0000,0.0000
106,VE_22,VE_30,VEVE,0.0000,1.0000,-0.2050,2.3636,-0.4304,1.5208,0.0000,1.0000
107,VE_22,VE_31,VEVE,0.0000,0.0000,-0.6131,1.2213,-0.4388,0.4883,0.0000,0.0000
108,VE_22,VE_32,VEVE,0.0000,0.0000,0.1221,6.2493,0.2462,-0.2268,0.2513,0.0000
109,VE_23,VE_24,VEVE,0.0000,0.0000,0.3521,-4.1437,0.3400,-1.3363,0.0000,0.0000
110,VE_23,VE_25,VEVE,0.0000,0.5741,-0.1169,-1.6459,0.0107,0.6412,0.0000,1.0000
111,VE_23,VE_26,VEVE,0.0622,0.0000,-0.0102,6.1869,0.2306,-0.4886,0.0806,0.0000
112,VE_23,VE_27,VEVE,0.0000,0.0081,-0.5160,1.4135,-0.1936,0.3906,0.0000,0.0081
113,VE_23,VE_28,VEVE,0.0000,0.0000,0.2311,-4.2388,0.1305,-0.8336,0.0000,0.0000
114,VE_23,VE_29,VEVE,0.0000,0.0000,-0.1538,-4.8487,-0.1358,-0.4014,0.0000,0.0000
115,VE_23,VE_30,VEVE,0.0000,0.0000,0.2089,-4.2569,0.0958,-0.8997,0.0000,0.0000
116,VE_23,VE_31,VEVE,0.0000,0.0000,-0.5129,1.7547,-0.2738,-0.0248,0.0000,0.0000
117,VE_23,VE_32,VEVE,0.0000,0.0000,0.4246,-7.9915,0.6154,-0.4456,0.3885,0.0000
118,VE_24,VE_25,VEVE,0.0000,0.0000,0.1820,-4.6930,0.2211,-1.0514,0.0000,0.0000
119,VE_24,VE_26,VEVE,0.0000,0.0000,-0.2094,2.8682,-0.1564,-0.1466,0.0000,0.0000
120,VE_24,VE_27,VEVE,0.0000,0.0000,0.0220,7.0684,0.1327,-1.1640,0.0000,0.0000
121,VE_24,VE_28,VEVE,0.0000,0.0000,0.5329,-8.0580,0.3662,-0.2284,0.4300,0.0000
122,VE_24,VE_29,VEVE,0.0000,0.6835,0.3030,-0.4579,0.2301,0.1715,0.0000,0.6835
123,VE_24,VE_30,VEVE,0.0000,0.0000,0.6556,-7.1231,0.4691,-0.8079,0.3825,0.0000
124,VE_24,VE_31,VEVE,0.0081,0.0352,-0.0767,2.4686,0.0067,0.0331,0.0080,0.0354
125,VE_24,VE_32,VEVE,0.0000,0.0000,-0.2695,5.9549,-0.0408,-0.2040,0.0000,0.0000
126,VE_25,VE_26,VEVE,0.0000,0.0000,-0.5989,5.7904,-0.4098,0.3987,0.0000,0.0000
127,VE_25,VE_27,VEVE,0.0451,0.0000,0.0864,3.4771,0.2831,-0.7119,0.0569,0.0000
128,VE_25,VE_28,VEVE,0.0000,0.0000,0.3030,-4.5980,0.2194,-0.5064,0.1210,0.0000
129,VE_25,VE_29,VEVE,0.0000,0.0000,0.3362,-4.5291,0.2819,-1.1319,0.0000,0.0000
130,VE_25,VE_30,VEVE,0.0000,0.0000,0.2998,-3.8181,0.1975,-1.2237,0.0000,0.0000
131,VE_25,VE_31,VEVE,0.0000,0.0000,-0.4219,2.1934,-0.3923,0.5013,0.0000,0.0000
132,VE_25,VE_32,VEVE,0.0000,0.1332,0.1071,-9.1978,0.1313,0.3947,0.2402,0.2199
133,VE_26,VE_27,VEVE,0.0000,0.3228,0.1529,3.0418,-0.1445,0.6029,0.0000,0.3318
134,VE_26,VE_28,VEVE,0.0000,0.0000,0.1642,-7.7698,0.0963,-0.8792,0.0000,0.0000
135,VE_26,VE_29,VEVE,0.0000,1.0000,-0.1108,2.5478,-0.1998,1.3697,0.0000,1.0000
136,VE_26,VE_30,VEVE,0.0000,0.0000,0.1147,-7.8659,0.0120,-0.6291,0.0000,0.0000
137,VE_26,VE_31,VEVE,0.0000,0.0000,0.0917,-1.1790,0.1196,-0.5789,0.0000,0.0000
138,VE_26,VE_32,VEVE,0.0000,0.0000,-0.3284,5.9897,-0.0741,-0.6309,0.0000,0.0000
139,VE_27,VE_28,VEVE,0.0000,0.0000,0.5165,-3.4746,0.2811,-1.4656,0.0000,0.0000
140,VE_27,VE_29,VEVE,0.0000,0.0326,0.0953,7.0673,-0.1217,0.2925,0.0000,0.0395
141,VE_27,VE_30,VEVE,0.0000,0.0000,0.2284,-4.5407,0.1360,-1.0437,0.0000,0.0000
142,VE_27,VE_31,VEVE,0.0000,0.5387,-0.1214,-1.6666,-0.3893,1.3572,0.0000,0.7106
143,VE_27,VE_32,VEVE,0.0000,0.0000,-0.3189,1.5156,-0.0262,-0.2287,0.0000,0.0000
144,VE_28,VE_29,VEVE,0.0000,0.0000,0.1768,-8.1335,0.0833,-0.3446,0.0000,0.0000
145,VE_28,VE_30,VEVE,0.1875,0.0000,0.5399,0.3623,0.7349,-0.7196,0.3087,0.0000
146,VE_28,VE_31,VEVE,0.0000,0.0000,-0.0438,-8.5517,0.0156,-1.0011,0.0000,0.0000
147,VE_28,VE_32,VEVE,0.0000,0.3602,-0.1485,6.0500,-0.0504,0.5485,0.0000,0.4352
148,VE_29,VE_30,VEVE,0.0000,0.0000,0.2451,-7.3546,0.1462,-0.8768,0.0000,0.0000
149,VE_29,VE_31,VEVE,0.0000,0.0000,-0.2779,2.2947,-0.1456,0.0060,0.0000,0.0000
150,VE_29,VE_32,VEVE,0.0000,0.0000,-0.4018,5.8925,-0.1884,-0.3733,0.0000,0.0000
151,VE_30,VE_31,VEVE,0.0000,0.0000,0.4162,-8.9140,0.3428,-0.0433,0.4212,0.0000
152,VE_30,VE_32,VEVE,0.0000,0.0000,-0.4127,5.8418,-0.2385,0.2192,0.0000,0.0000
153,VE_31,VE_32,VEVE,0.0000,0.0000,-0.8102,1.1192,-0.2780,-0.2440,0.0000,0.0000
