VE_15 127 127 288 288 227 229 291 307 166 172 257 261 359 361 133 137 247 255
VE_16 121 127 286 288 227 229 307 307 160 172 257 261 359 359 137 137 247 247
VE_17 127 127 288 288 229 229 307 307 172 172 257 261 359 359 133 137 247 247
VE_18 127 127 288 288 227 229 303 303 172 172 261 261 355 355 137 137 247 247
VE_19 121 127 288 290 229 229 291 303 160 172 251 257 359 359 133 137 247 247
VE_20 121 127 274 286 227 227 303 307 160 172 261 261 359 359 137 137 247 255
VE_21 127 127 288 288 227 227 291 307 160 172 249 261 359 359 133 137 247 255
VE_22 127 127 274 288 227 229 291 303 172 172 261 261 359 361 137 137 247 247
VE_23 125 127 288 288 227 229 303 303 166 172 249 257 359 361 133 133 247 247
VE_24 127 127 288 288 229 229 307 307 160 172 261 261 359 361 137 137 247 247
VE_25 127 127 274 288 229 229 303 303 166 172 257 257 359 359 133 137 247 247
VE_26 121 127 288 288 227 229 303 307 172 172 261 261 355 359 133 133 247 255
VE_27 121 127 286 288 227 227 303 307 172 172 257 257 359 361 133 137 255 255
VE_28 127 127 274 288 229 229 291 291 172 172 261 261 359 361 137 137 247 247
VE_29 121 127 288 288 229 229 307 307 172 172 261 261 359 359 133 137 247 255
VE_30 127 127 288 288 227 227 291 291 160 172 261 261 359 359 137 137 247 247
VE_31 127 127 288 288 227 227 303 307 160 172 257 261 359 359 137 137 247 255
VE_32 127 127 274 288 227 229 291 307 166 172 249 257 359 361 133 137 247 247
