         1   -0.6000   -0.2027   -0.6072   -0.2724
         2   -0.4412    0.1394   -0.4229    0.1751
         3   -0.1612    0.3411   -0.3045    1.0000
         4    0.0376    2.1341    0.1159    1.0000
         5   -0.4500   -0.0299   -0.3394   -0.0116
         6   -0.4231    0.1477   -0.3194    0.1256
         7   -0.4553    0.1185   -0.4154    0.1669
         8   -0.3834    0.1325   -0.4263    0.3869
         9   -0.4000    0.4857   -0.1242    0.3304
        10   -0.1037    0.4537   -0.1633    1.0000
        11   -0.2551    0.5196   -0.2404    0.8112
        12   -0.5400    0.2809   -0.4363    0.3397
        13   -0.3979    0.8348   -0.2983    0.6519
        14   -0.0824    0.6844   -0.1256    1.0000
        15   -0.2911    0.3446   -0.3508    0.7102
        16   -0.0312    0.7752   -0.0638    1.0000
        17   -0.3154    0.1928   -0.4540    0.5176
        18   -0.5968   -0.1565   -0.4882   -0.1630
